Pro planet_moon
P_spin=[	58.646,	243,	0.9972,	1.026,	0.41354,0.44401,0.7180.67125,6.387]
P_rot=[87.97,224.7,365.24,	686.93,	11.8565*365,	29.448*365,	84.02*365,	164.79*365,	247.92*365]
m_moon=
Mass=[0.055,0.815,1,0.10744,317.82,95.16,14.371,17.147,0.0022]

